10100063
10102067
10102072
10103003
10103061
10103069
10103077
10106010
10106065
10106066
10106070
10106074
10107074
10107079
10107087
10108061
10118062
10118064
10118065
10118071
10200062
10200063
10200065
10202065
10203063
10203066
10204069
10204070
10207064
10207067
10207078
10208061
10209062
10211
10215063
10327121
10327453
10347
10354
10766
10767
10881
10910
10930
11102062
11102064
11102068
11102071
11102072
11102073
11102079
11102080
11103011
11103168
11104163
11104178
11106006
11107075
11107078
11112064
11116011
11117006
11118071
11200061
11203062
11203063
11203066
11203067
11203068
11204069
11204073
11207064
11207079
11207082
11207084
11215061
11218061
11229
11263
11318
11335
11436
11599
11606
11725
11900
11903
11907603
11917241
11917557
11924
11977
12100061
12100062
12100063
12100064
12100065
12100067
12102015
12102063
12102073
12103161
12104071
12104089
12104161
12104171
12104178
12104179
12106005
12106061
12106062
12106064
12106068
12106071
12106075
12107063
12107075
12107076
12107079
12108065
12109068
12109871
12109872
12109876
12111013
12114064
12115061
12116001
12116061
12118063
12118071
12119062
12125013
12125028
12200063
12200067
12200069
12200070
12202062
12204069
12204072
12205062
12206065
12207062
12207064
12207068
12207073
12207074
12209873
12212062
12358
12618
12750
12807149
12807441
12807452
12807511
12807645
12817162
12817322
12817330
12817363
12817400
12817521
12817665
12817724
12817744
12817792
12903
12907659
12920
13006
13011
13041
13049
13050
13100061
13100063
13100064
13100068
13100069
13100070
13100072
13100073
13100074
13100075
13100077
13100080
13101068
13101072
13102021
13102031
13102063
13102067
13102071
13102072
13102073
13103051
13103163
13103166
13103171
13103174
13104043
13104067
13104131
13104157
13104166
13104167
13104170
13104172
13104190
13104195
13105170
13106061
13106064
13106068
13106069
13106070
13107061
13107063
13107069
13107072
13107073
13108063
13108064
13108065
13108066
13108068
13108070
13109061
13109063
13109070
13111162
13111163
13112062
13112064
13112067
13114061
13115062
13118003
13118062
13118065
13118067
13118069
13118070
13118071
13118072
13118074
13118075
13119066
13126
13126003
13128
13133
13134
13136
13149
13150
13173
13189
13200061
13200062
13200063
13201064
13203062
13204063
13204065
13205
13206063
13207064
13207065
13207069
13207073
13207075
13207080
13212061
13212062
13217
13225
13237
13238
13257
13266
13273
13298
13300
13312
13316
13317
13318
13319
13322
13333
13338
13354
13358
13360
13375
13378
13394
13402
13421
13429
13431
13432
13442
13453
13471
13478
13504061
13512
13515
13525
13563
13566
13577
13579
13580
13581
13583
13589
13604
13607
13617
13618
13621
13622
13632
13642
13644
13654
13664
13669
13671
13700
13705
13712
13724
13725
13740
13753
13767
13785
13942
13943
13990
14003
14051
14064
14076
14100263
14100264
14100266
14100268
14100269
14100270
14100271
14101
14102007
14102269
14103006
14103009
14103017
14103048
14103268
14103275
14103278
14104055
14104056
14104176
14104265
14104275
14104280
14104283
14105261
14105276
14105285
14105291
14105292
14106007
14106008
14106262
14106264
14106265
14106269
14107275
14107278
14107279
14107286
14107290
14108262
14108265
14108266
14108267
14108270
14109267
14109879
14109884
14111001
14111268
14112010
14112025
14114262
14114264
14116261
14116263
14117
14117009
14118003
14118007
14118011
14118014
14118261
14118262
14118263
14118266
14118269
14119009
14122
14123263
14123264
14155
14169
14194
14200261
14200262
14200264
14201269
14202262
14202263
14204272
14204273
14205003
14205006
14205008
14205261
14205265
14207
14207263
14207267
14207274
14207279
14208263
14208267
14211
14212263
14214261
14214262
14215261
14218261
14218263
14218264
14218266
14218267
14224
14275
14297
14324
14327
14329
14340
14353
14355
14359
14361
14414
14421
14422
14430
14442
14448
14450
14452
14469
14472
14475
14497
14503261
14544
14545
14547
14562
14571
14593
14594
14625
14657
14663
14667
14668
14669
14707
14708
14742
14743
14747
14764
14786
14788
14796
14824
14877
14892
14901
14935
14963
14969
14971
14982
150002
150006
150048
150058
150105
150124
150128
150129
150130
150144
150151
150178
150179
150188
150191
150197
150200
150205
150206
150212
150220
150221
150229
150243
150281
150298
150333
150334
150339
150372
150373
150374
150390
150402
150403
150407
150422
150427
150435
150440
150441
150452
150453
150479
150491
150494
150520
150528
150537
150568
150569
150577
150579
150588
150631
150636
150685
150694
150695
150707
150746
150752
150756
150778
150779
150797
15100262
15100263
15100265
151003
151007
15101010
15101027
15101041
15101051
151019
15102262
15102263
15102268
15102271
151028
15103026
15103027
15103031
15103042
15103045
15103272
151033
15103402
15104007
15104014
15104019
15104022
15104033
15104040
15104044
15104062
15104068
15104071
15104073
151041
15104271
15104278
151043
15104406
15104411
151048
15105053
151051
151052
15105275
15105279
151053
151056
151057
15106006
151062
15106261
15106267
151068
15107266
15107273
15107274
15107284
15107285
151074
15108261
151088
151090
15109272
15109274
151096
151097
151098
15109863
151109
151110
15111004
15111017
15111020
15111034
15111036
15111039
151114
151115
151117
15112009
15112016
15112261
15112263
15112264
151127
151138
15114007
15114008
15114015
15114017
15114018
15114020
151141
15114264
151145
15116001
15116002
15116008
151165
151167
151169
15117008
15117013
15117015
15117016
15118002
15118005
15118006
15118009
15118263
15118264
15118265
15118266
15118267
15118268
15118271
15118272
15118275
15118280
15119001
15119005
15119006
15119012
15119014
15119264
15123005
15123008
15123009
15123267
15123268
15123269
15125011
15125012
15125023
15125027
15125032
15125035
15125036
15125037
15125042
15200261
15200262
15200264
15200265
15200267
15200270
15200272
15203261
15203266
15204264
15204270
15204271
15204407
15205275
15206261
15206264
15206265
15207270
15207273
15207274
15207277
15207279
15207280
15207282
15208263
15215261
15216261
15216262
15218261
15218263
15218264
15219261
15219262
15223262
15223263
15407263
15511267
160007
160044
160062
160078
160126
16013
160143
160144
160171
160184
160198
160236
160246
160259
160302
160318
160336
160343
160372
160373
160383
160385
160386
160415
160416
160426
160431
160434
160441
160462
160463
160491
160492
160518
160577
160612
160651
160657
160662
160663
160666
160667
160677
160691
160697
160701
160704
160771
160777
160780
161002
16100261
16100265
16100266
16100268
16100270
16100272
16100273
16100275
16100276
161003
161005
161008
16101007
16101011
16101016
16101021
16101027
16101028
16101038
16101039
16101047
16101051
16101058
16101060
16101062
161016
161019
16102027
161021
16102261
16102267
16102269
16102278
16102280
16102282
161026
16103017
16103029
16103034
16103057
16103060
16103084
16103087
161031
16103100
16103263
16103266
16103267
16103274
16103284
16103402
16103405
16104011
16104018
16104021
16104023
16104027
16104030
16104039
16104040
16104046
16104051
16104052
16104053
16104054
16104057
16104059
16104062
16104066
16104067
16104068
16104074
16104078
16104082
16104085
16104089
16104091
16104093
16104098
16104262
16104265
16104277
16104281
16104286
16104287
16104289
161043
16104408
16104409
161046
161051
161052
16105272
16105276
16105278
16105409
16105421
161057
161058
161059
16106015
16106017
16106020
16106025
16106028
16106029
161061
16106264
16106268
161064
161065
16107262
16107265
16107267
16107268
16107269
16107273
16107275
16107276
16107279
16107281
16107282
16107283
16107284
16107295
161073
161083
16109266
16109272
16109275
16109281
161095
161097
161098
16109861
16109862
16109863
16109865
161100
161101
161106
161108
16111003
16111015
16111021
16111026
16111027
16111030
16111038
16111039
16111041
16111046
16111051
16111053
161113
161114
161116
16112003
16112004
16112009
16112263
16112264
161126
161135
161140
16114012
16114018
16114019
16114020
16114021
16114261
16114269
161143
161146
16115010
161162
16116261
16116262
161167
161172
16118003
16118005
16118007
16118261
16118262
16118268
16118269
16118271
16118272
16118273
16119002
16119006
16119014
16119017
16123015
16123017
16123266
16125002
16125011
16125012
16125013
16125018
16125022
16125024
16125025
16125034
16125036
16125041
16125044
16126004
16126011
16126022
16126026
16126032
16126035
9810984
EXY1102
EXY1113
EXY1316
EXY1317
EXY1320
EXY1327
EXY1329
EXY1402
EXY1403
EXY1405
EXY1406
EXY1408
EXY1415
EXY1420
EXY1422
EXY1424
EXY1429
EXY1501
EXY1502
EXY1513
EXY1514
EXY1518
EXY1601
EXY1603
EXY1604
EXY1607
EXY1609
EXY1611
EXY1613
EXY1615
EXY1617
INT14002
INT14003
INT14004
INT14007
INT14009
INT14011
INT15013
INT16006
INT16010
INT16013
INT16014
INT16015
INT16016
020064
120462
210768
211261
211602
221262
2403
240761
3102007
4103065
4104066
4104082
4177289
5107076
5109062
5118064
5656
6100065
6103065
6108066
6125033
6403
7100069
7102061
7103002
7114062
7118061
7118064
7202062
7205067
7328
8100063
8102039
8107087
8114063
8118061
8118062
8118066
8162
8200062
8204061
8218068
9104090
9104098
9107075
9109081
9116002
9118061
9206061
9207062
9209064
9211062
9218063
9218067
9393
9482
9502062
9502064
