10017
10029
10032
10047
10053
10088
10100061
10100062
10101061
10101062
10101065
10101066
10102043
10102061
10102063
10102065
10102068
10102070
10102073
10103027
10103031
10103046
10103055
10103058
10103064
10103066
10103067
10103071
10103074
10103076
10103078
10104044
10104055
10104073
10104108
10104109
10104110
10104111
10104120
10104121
10104122
10104123
10104124
10104125
10104126
10105
10105001
10105031
10105039
10105089
10105099
10105129
10105130
10105133
10105134
10105136
10105139
10105143
10105144
10105145
10105149
10106012
10106016
10106027
10106061
10106062
10106068
10106071
10106073
10106075
10107061
10107062
10107064
10107065
10107066
10107067
10107068
10107070
10107071
10107072
10107075
10107082
10107084
10107086
10107088
10107089
10107091
10108062
10109064
10109067
10109070
10109873
10109874
10111021
10111030
10111064
10111065
10111066
10112001
10112061
10114
10114061
10115004
10117006
10118061
10118068
10118072
10126007
10135
10147
10169
10174
10188
10189
10200
10200061
10202
10202064
10203
10203061
10203062
10203064
10203068
10203069
10204063
10204065
10204067
10204068
10204071
10204072
10205061
10205062
10205063
10205065
10205067
10207061
10207062
10207065
10207074
10207075
10207080
10207082
10209063
10209064
10209067
10212061
10212062
10212063
10214061
10215061
10215062
10218061
10218062
10243
10256
10264
10282
10291
10293
10297
10298
10306
10317
10323
10327042
10327083
10327085
10327155
10327160
10327196
10327254
10327346
10327449
10327530
10327630
10327665
10327721
10327733
10327797
10327802
10345
10356
10369
10370
10405
10418243
10418256
10418271
10418282
10418565
10418703
10458
10489
10490
10510
10510211
10510569
10517
10533
10534
10549
10574
10576
10593
10600
10602
10616
10671
10704
10713
10714
10716
10717
10734
10735
10751
10752
10808
10880
10889
10890
10891
10905
10918
10927
10934
10966
10968
10973
10979
10984
11002
11027
11033
11041
11045
11058
11073
11093
11094
11100062
11101005
11101061
11101064
11101065
11102061
11102063
11102077
11102083
11102084
11102085
11102086
11103006
11103010
11103036
11103042
11103058
11103060
11103161
11103162
11103164
11103165
11103167
11103169
11103170
11104066
11104081
11104088
11104115
11104165
11104166
11104167
11104169
11104171
11104176
11104177
11104179
11104180
11104182
11105
11105057
11105162
11105163
11105164
11105169
11105173
11105174
11105175
11105176
11106008
11106010
11106016
11106023
11106061
11106065
11107061
11107063
11107064
11107065
11107067
11107068
11107071
11107072
11107074
11107079
11107082
11108061
11108063
11108065
11109062
11109063
11109065
11109067
11109068
11109861
11109862
11109865
11109866
11109867
11109868
11109869
11109870
11111027
11111062
11111063
11111064
11111065
11112061
11112062
11112065
11114007
11114061
11114062
11114067
11115061
11117019
11118063
11118065
11118067
11118068
11118069
11124
11138
11147
11159
11163
11179
11189
11193
11199
11200062
11201
11201061
11202061
11202062
11202063
11202065
11202067
11203061
11203064
11204062
11204063
11204064
11204065
11204066
11204068
11204070
11204076
11204077
11204078
11204079
11205
11205061
11205062
11205063
11205064
11205065
11205066
11205067
11205068
11205069
11205070
11205071
11205072
11205073
11206061
11206062
11206063
11207061
11207067
11207068
11207074
11207078
11207081
11207083
11208061
11209061
11209062
11209064
11209067
11209068
11210
11211061
11214061
11214062
11218064
11218066
11236
11257
11276
11289
11296
11300
11303
11359
11369
11377
11380
11384
11391
11392
11394
11395
11402
11408
11412
11446
11461
11464
11476
11477
11480
11488
11494
11499
11503061
11504
11510
11521
11525
11531
11544
11556
11561
11563
11621
11647
11650
11692
11693
11717
11729
11742
11759
11760
11780
11781
11785
11786
11807
11809
11813
11818
11883
11896
11907002
11907022
11907030
11907043
11907051
11907106
11907140
11907175
11907211
11907220
11907250
11907312
11907371
11907398
11907419
11907424
11907429
11907431
11907443
11907449
11907452
11907460
11907537
11907566
11907577
11907628
11907655
11907659
11907674
11907677
11907710
11907730
11907751
11907780
11907792
11907812
11907829
11916551
11917082
11917083
11917367
11917373
11931
11935
11939
11957
11961
11967
11969
11972
11983
11985
11988
11990
12001
12018
12025
12027
12037
12054
12064
12079
12082
12086
12089
12092
12098
12099
12100
12100066
12101017
12101062
12101063
12101064
12101066
12101067
12101068
12101069
12101070
12102010
12102030
12102033
12102061
12102062
12102064
12102068
12102069
12102072
12103013
12103016
12103025
12103051
12103059
12103068
12103163
12103164
12103165
12103166
12103167
12103168
12103169
12103172
12103173
12104004
12104020
12104022
12104029
12104039
12104066
12104072
12104085
12104162
12104163
12104164
12104165
12104166
12104168
12104170
12104172
12104174
12104175
12104176
12104177
12104181
12104182
12104183
12105002
12105008
12105017
12105037
12105059
12105090
12105161
12105162
12105163
12105165
12105166
12105167
12105168
12105170
12105172
12105174
12105175
12105176
12105177
12105178
12105179
12105181
12105182
12105183
12105184
12105185
12105186
12106001
12106004
12106006
12106014
12106021
12106029
12106065
12106066
12106067
12106069
12106070
12106072
12106073
12106074
12107064
12107065
12107067
12107069
12107070
12107071
12107080
12107081
12107082
12107083
12107084
12107085
12108061
12108062
12108064
12108067
12109061
12109062
12109063
12109065
12109066
12109067
12109870
12109873
12109874
12109875
12111023
12111042
12111046
12112
12112061
12112062
12112063
12112064
12114061
12114065
12114066
12115001
12117002
12117005
12117006
12117010
12117011
12118066
12118070
12119061
12123
12125033
12133
12144
12156
12171
12172
12173
12175
12176
12181
12187
12192
12193
12198
12200061
12200062
12200064
12201
12201061
12201065
12201066
12202061
12202063
12202065
12202066
12203061
12203065
12204062
12204063
12204064
12204068
12204070
12204071
12204074
12204075
12204076
12205063
12205065
12205068
12205069
12205070
12205071
12205072
12206061
12206062
12206063
12206064
12207063
12207065
12207070
12207071
12207075
12207077
12207080
12207081
12208
12208061
12208063
12209061
12209062
12209063
12209066
12209067
12209068
12209070
12209872
12209874
12211
12211061
12211063
12212
12212061
12214063
12214064
12214065
12214066
12215061
12215062
12216061
12218061
12218062
12218063
12218064
12218066
12218068
12219
12224
12230
12235
12243
12253
12258
12260
12268
12269
12272
12278
12281
12290
12294
12298
12300
12313
12320
12323
12325
12327
12333
12335
12348
12349
12350
12357
12359
12369
12373
12380
12382
12384
12385
12386
12389
12390
12398
12406
12417
12423
12430
12432
12434
12435
12438
12447
12455
12456
12464
12472
12476
12484
12491
12492
12500
12505
12515
12523
12527
12530
12535
12539
12544
12549
12551
12554
12563
12564
12565
12571
12574
12576
12579
12582
12586
12587
12598
12609
12610
12621
12623
12625
12628
12629
12630
12631
12634
12635
12653
12657
12660
12666
12668
12677
12684
12691
12694
12699
12702
12703
12716
12723
12727
12728
12740
12758
12759
12763
12764
12765
12783
12785
12798
12800
12803
12806
12807019
12807029
12807044
12807049
12807053
12807057
12807069
12807070
12807072
12807074
12807080
12807087
12807104
12807114
12807116
12807119
12807124
12807126
12807134
12807139
12807141
12807147
12807158
12807170
12807188
12807197
12807213
12807217
12807220
12807234
12807236
12807237
12807246
12807248
12807255
12807257
12807273
12807277
12807280
12807285
12807296
12807303
12807314
12807315
12807329
12807336
12807341
12807346
12807352
12807361
12807366
12807375
12807401
12807418
12807422
12807426
12807436
12807442
12807457
12807458
12807460
12807463
12807481
12807498
12807506
12807509
12807518
12807525
12807528
12807534
12807541
12807545
12807548
12807552
12807556
12807557
12807561
12807562
12807568
12807581
12807583
12807600
12807608
12807620
12807624
12807637
12807639
12807643
12807647
12807648
12807650
12807661
12807662
12807663
12807669
12807673
12807675
12807692
12807698
12807704
12807706
12807719
12807731
12807733
12807736
12807739
12807742
12807747
12807753
12807756
12807757
12807770
12807781
12807782
12807789
12807799
12807802
12807804
12807810
12807813
12807815
12807819
12807829
12807834
12808
12816023
12816191
12816309
12816321
12816450
12816477
12816496
12816584
12816599
12816774
12817
12817012
12817033
12817047
12817051
12817063
12817081
12817095
12817097
12817115
12817143
12817146
12817164
12817167
12817180
12817190
12817202
12817232
12817249
12817251
12817266
12817284
12817292
12817293
12817326
12817328
12817340
12817356
12817371
12817379
12817392
12817397
12817402
12817407
12817408
12817415
12817421
12817449
12817451
12817465
12817482
12817490
12817499
12817504
12817555
12817559
12817566
12817593
12817612
12817619
12817632
12817670
12817674
12817693
12817697
12817726
12817760
12817768
12817779
12817788
12817791
12817836
12818
12818179
12820443
12825
12830
12832
12878
12891
12895
12906
12907
12907210
12907370
12907652
12917746
12954
12961
12974
12981
12984
12987
13001
13002
13003
13004
13005
13007
13008
13009
13010
13012
13013
13014
13015
13016
13017
13018
13019
13020
13021
13022
13023
13024
13025
13026
13027
13029
13030
13031
13032
13033
13034
13035
13036
13037
13038
13039
13040
13042
13043
13044
13045
13046
13047
13048
13051
13052
13053
13055
13056
13057
13058
13059
13060
13061
13062
13063
13064
13065
13066
13067
13068
13069
13070
13071
13072
13073
13074
13075
13076
13077
13078
13079
13080
13081
13082
13083
13084
13085
13086
13087
13088
13089
13090
13091
13092
13093
13094
13095
13096
13097
13098
13099
13100
13100062
13100065
13100067
13100076
13100078
13100079
13101
13101038
13101061
13101062
13101063
13101064
13101065
13101066
13101067
13101069
13101070
13101071
13101073
13101074
13102
13102009
13102015
13102016
13102025
13102061
13102062
13102064
13102065
13102066
13102068
13102069
13102070
13102074
13102075
13102076
13102078
13103
13103003
13103010
13103045
13103054
13103069
13103161
13103162
13103167
13103170
13103172
13103175
13104
13104002
13104005
13104014
13104021
13104022
13104024
13104040
13104070
13104095
13104096
13104103
13104132
13104141
13104148
13104155
13104156
13104158
13104163
13104165
13104168
13104169
13104171
13104173
13104174
13104175
13104176
13104177
13104178
13104179
13104180
13104181
13104183
13104184
13104185
13104186
13104187
13104188
13104189
13104193
13104194
13104196
13104197
13104198
13105
13105001
13105002
13105003
13105005
13105006
13105007
13105012
13105014
13105025
13105034
13105043
13105053
13105054
13105058
13105063
13105080
13105085
13105088
13105090
13105104
13105161
13105162
13105163
13105165
13105166
13105169
13105171
13105172
13105173
13105174
13105176
13106
13106015
13106023
13106026
13106036
13106062
13106065
13106066
13106067
13106071
13107
13107062
13107064
13107065
13107066
13107067
13107068
13107070
13107071
13107074
13107075
13107076
13107077
13107078
13107079
13107080
13108
13108061
13108062
13108067
13109
13109062
13109065
13109066
13109071
13109072
13109074
13109075
13109076
13109077
13109879
13109880
13109881
13109882
13109883
13109884
13110
13111
13111006
13111014
13111021
13111023
13111054
13111057
13111066
13111161
13111164
13111165
13111166
13112
13112010
13112061
13112063
13112065
13112066
13113
13114
13114010
13114020
13114062
13114063
13114064
13115
13115009
13115061
13115063
13115065
13115066
13116
13116004
13116010
13116061
13116062
13117
13117013
13118
13118061
13118063
13118064
13118066
13119
13119001
13119010
13119037
13119061
13119062
13119063
13119065
13119068
13120
13121
13122
13123
13124
13125
13125028
13127
13129
13130
13131
13132
13135
13138
13139
13140
13141
13142
13143
13144
13145
13146
13147
13148
13151
13152
13153
13154
13155
13156
13157
13158
13159
13160
13161
13162
13163
13164
13165
13166
13167
13168
13169
13170
13171
13172
13174
13175
13176
13177
13178
13179
13180
13181
13182
13183
13184
13185
13186
13187
13188
13190
13191
13192
13193
13194
13195
13196
13197
13198
13199
13200
13200064
13200066
13200067
13201
13201061
13201063
13202
13202061
13202062
13203
13203063
13203064
13203065
13203066
13203067
13203068
13203072
13203074
13204
13204061
13204062
13204064
13205061
13205062
13205063
13205064
13205065
13205066
13205067
13205068
13205069
13205070
13205071
13205072
13205074
13205075
13205076
13205077
13205078
13205079
13205080
13206
13206061
13206062
13206064
13206065
13206066
13206068
13206069
13207
13207061
13207063
13207066
13207067
13207068
13207071
13207074
13207076
13207077
13207078
13207079
13207084
13208
13208061
13208062
13208063
13208065
13209
13209861
13210
13211
13211061
13212
13213
13214061
13214063
13214064
13214065
13215
13215062
13215063
13216
13218
13218061
13218064
13218066
13219
13219061
13219062
13220
13221
13222
13223
13224
13226
13227
13229
13230
13231
13232
13233
13234
13235
13236
13239
13240
13241
13242
13243
13244
13245
13246
13247
13248
13249
13250
13251
13252
13253
13254
13255
13256
13258
13259
13260
13261
13262
13263
13264
13265
13267
13268
13269
13270
13271
13272
13274
13275
13276
13277
13278
13279
13280
13281
13282
13283
13284
13285
13286
13287
13288
13289
13290
13291
13292
13293
13294
13295
13296
13297
13299
13301
13302
13303
13304
13305
13306
13307
13308
13309
13310
13313
13314
13315
13320
13321
13323
13324
13325
13326
13327
13328
13329
13330
13331
13332
13334
13335
13336
13337
13339
13340
13341
13342
13343
13344
13345
13346
13347
13348
13349
13350
13351
13352
13353
13355
13356
13357
13359
13361
13362
13363
13364
13365
13366
13367
13368
13369
13370
13371
13372
13373
13374
13376
13377
13379
13381
13382
13383
13384
13385
13386
13387
13389
13390
13391
13392
13393
13395
13396
13397
13398
13399
13400
13401
13403
13404
13405
13406
13407
13408
13409
13410
13411
13412
13413
13414
13415
13416
13417
13418
13419
13420
13422
13423
13424
13425
13426
13427
13428
13430
13433
13434
13435
13436
13437
13438
13439
13440
13441
13443
13444
13445
13447
13448
13449
13450
13451
13452
13454
13455
13456
13457
13458
13460
13461
13463
13464
13465
13466
13467
13468
13469
13470
13472
13473
13474
13475
13476
13477
13479
13480
13481
13482
13483
13484
13485
13486
13487
13488
13489
13490
13491
13492
13493
13494
13495
13496
13497
13498
13499
13500
13501
13502
13503
13504
13505
13506
13507
13508
13509
13510
13511
13513
13514
13517
13519
13520
13521
13522
13523
13524
13526
13527
13528
13529
13530
13531
13532
13533
13534
13535
13536
13537
13538
13539
13540
13541
13542
13543
13544
13545
13546
13547
13548
13549
13550
13551
13552
13553
13554
13555
13556
13557
13558
13559
13560
13561
13564
13565
13567
13568
13569
13570
13571
13572
13573
13574
13575
13576
13578
13582
13584
13585
13587
13588
13590
13591
13592
13593
13594
13595
13596
13597
13598
13599
13600
13601
13603
13605
13606
13608
13609
13610
13611
13613
13614
13615
13616
13619
13620
13623
13624
13625
13626
13627
13628
13629
13630
13631
13633
13634
13635
13636
13637
13638
13639
13640
13641
13643
13645
13646
13647
13648
13649
13650
13651
13652
13653
13655
13656
13657
13658
13659
13660
13661
13662
13663
13665
13666
13667
13668
13670
13672
13673
13674
13675
13676
13677
13678
13679
13680
13681
13682
13683
13684
13685
13686
13687
13688
13689
13690
13691
13692
13693
13694
13695
13697
13698
13699
13701
13702
13703
13704
13706
13707
13708
13709
13710
13711
13713
13714
13715
13716
13717
13718
13719
13720
13721
13722
13723
13726
13727
13728
13729
13730
13731
13732
13733
13734
13736
13737
13738
13739
13741
13742
13743
13744
13745
13746
13747
13748
13749
13750
13751
13752
13754
13755
13756
13757
13758
13759
13760
13761
13762
13763
13764
13765
13766
13768
13769
13770
13771
13772
13773
13774
13775
13776
13777
13778
13779
13780
13781
13782
13783
13784
13786
13787
13788
13789
13790
13791
13792
13793
13794
13795
13796
13797
13798
13799
13800
13801
13802
13803
13804
13805
13806
13807
13808
13809
13810
13811
13812
13813
13814
13815
13816
13817
13818
13819
13865
13872
13893
13894
13916
13918
13920
13933
13949
13951
13963
13965
13984
14001
14002
14004
14005
14006
14007
14008
14009
14010
14011
14012
14013
14014
14015
14016
14017
14018
14019
14020
14021
14022
14023
14024
14025
14026
14027
14028
14029
14030
14031
14032
14033
14034
14035
14036
14037
14038
14039
14040
14041
14042
14043
14044
14045
14046
14047
14048
14049
14050
14052
14053
14054
14055
14056
14057
14058
14059
14060
14061
14062
14063
14065
14067
14068
14069
14070
14071
14072
14073
14074
14075
14078
14079
14080
14081
14082
14083
14085
14086
14087
14088
14089
14090
14091
14092
14093
14094
14095
14096
14097
14098
14099
14100
14100261
14100262
14100265
14100267
14101032
14101046
14101049
14101050
14101261
14101262
14101263
14101264
14101265
14101266
14101267
14101268
14101269
14101272
14101273
14101274
14101275
14102
14102019
14102030
14102048
14102263
14102266
14102267
14102268
14102271
14102273
14102274
14103
14103016
14103021
14103023
14103026
14103034
14103039
14103046
14103049
14103262
14103263
14103264
14103265
14103266
14103270
14103272
14103276
14103280
14104
14104002
14104015
14104022
14104034
14104040
14104048
14104053
14104058
14104059
14104091
14104092
14104097
14104106
14104125
14104127
14104132
14104137
14104156
14104162
14104175
14104179
14104181
14104185
14104187
14104261
14104262
14104263
14104264
14104266
14104267
14104268
14104269
14104271
14104272
14104273
14104274
14104276
14104277
14104278
14104279
14104284
14105
14105001
14105009
14105012
14105013
14105027
14105035
14105038
14105039
14105044
14105050
14105052
14105057
14105065
14105071
14105124
14105262
14105263
14105264
14105265
14105266
14105267
14105268
14105269
14105270
14105271
14105273
14105274
14105278
14105279
14105280
14105281
14105286
14105288
14105290
14105293
14105294
14106
14106012
14106015
14106017
14106261
14106263
14106270
14106271
14106272
14107
14107261
14107262
14107263
14107266
14107267
14107268
14107269
14107271
14107272
14107274
14107277
14107281
14107282
14107283
14107284
14107285
14107287
14107288
14107291
14107292
14107293
14107294
14107295
14108
14108261
14108263
14108264
14108269
14108271
14109
14109261
14109263
14109264
14109271
14109272
14109874
14109875
14109876
14109877
14109878
14109880
14109881
14109882
14109883
14109885
14109886
14110
14111
14111002
14111011
14111025
14111026
14111032
14111036
14111038
14111040
14111042
14111261
14111262
14111265
14111267
14112
14112003
14112005
14112008
14112016
14112027
14112261
14113
14114
14114001
14114017
14114019
14114023
14114026
14114261
14115
14115261
14116
14116006
14116264
14117007
14117010
14117011
14117015
14118
14118001
14118006
14118018
14118264
14118265
14118267
14118272
14118273
14119
14119003
14119005
14119261
14119262
14119263
14119265
14119266
14119267
14120
14121
14123
14123009
14123013
14123015
14123261
14123262
14124
14125
14126
14126024
14127
14128
14129
14130
14131
14132
14134
14135
14136
14137
14138
14139
14140
14141
14142
14143
14145
14146
14147
14148
14149
14150
14151
14152
14153
14154
14156
14157
14158
14159
14160
14161
14162
14163
14164
14165
14166
14167
14168
14170
14171
14172
14173
14174
14175
14176
14177
14178
14179
14180
14181
14182
14183
14184
14185
14186
14187
14188
14189
14190
14191
14192
14193
14195
14196
14197
14198
14199
14200
14200263
14201
14201261
14201264
14201266
14201267
14201268
14202
14202261
14202264
14202266
14203
14203261
14203262
14203264
14203265
14203266
14203267
14204
14204261
14204262
14204263
14204265
14204266
14204267
14204268
14204269
14204274
14205
14205001
14205002
14205004
14205005
14205007
14205262
14205263
14205264
14205266
14205267
14205268
14206
14206261
14206263
14206264
14206266
14207261
14207262
14207264
14207265
14207266
14207268
14207269
14207271
14207272
14207273
14207275
14207276
14207277
14207278
14207280
14207281
14208
14208261
14208262
14208265
14208269
14209
14209261
14209263
14209264
14209861
14209862
14209863
14210
14211261
14211262
14212
14212262
14213
14214
14215262
14217
14218
14219
14221
14222
14223
14223261
14225
14226
14227
14228
14229
14230
14231
14232
14233
14234
14235
14236
14237
14238
14239
14240
14241
14242
14243
14244
14245
14246
14247
14248
14249
14250
14251
14252
14253
14254
14255
14256
14257
14258
14259
14260
14261
14262
14263
14264
14265
14266
14267
14268
14269
14270
14271
14272
14273
14274
14276
14277
14278
14279
14280
14281
14282
14283
14284
14285
14286
14287
14288
14289
14290
14291
14292
14293
14295
14296
14298
14299
14300
14301
14302
14303
14304
14305
14306
14307
14308
14309
14310
14311
14312
14313
14314
14315
14316
14317
14319
14320
14321
14322
14323
14326
14328
14330
14331
14332
14333
14334
14336
14337
14338
14339
14341
14342
14343
14344
14345
14346
14347
14348
14349
14350
14351
14352
14354
14356
14357
14358
14360
14362
14363
14364
14365
14366
14367
14368
14369
14370
14371
14372
14373
14374
14375
14376
14377
14378
14379
14380
14381
14382
14383
14384
14385
14386
14387
14388
14389
14390
14391
14392
14393
14394
14395
14396
14397
14398
14399
14400
14400261
14401
14402
14403
14404
14405
14406
14407
14408
14409
14410
14411
14412
14413
14415
14416
14417
14418
14419
14420
14423
14424
14425
14426
14427
14428
14429
14431
14432
14433
14434
14435
14436
14437
14438
14439
14440
14441
14443
14445
14446
14447
14449
14451
14453
14454
14455
14456
14457
14458
14459
14460
14461
14462
14463
14464
14465
14466
14467
14468
14470
14471
14473
14474
14476
14477
14479
14480
14481
14482
14483
14484
14485
14486
14487
14488
14489
14490
14491
14492
14493
14494
14495
14496
14498
14500
14501
14502
14503
14504
14504261
14504262
14504263
14505
14506
14507
14508
14509
14510
14511
14512
14513
14514
14515
14516
14517
14518
14519
14520
14521
14522
14523
14524
14525
14526
14527
14528
14529
14530
14531
14532
14533
14534
14535
14536
14537
14538
14539
14540
14541
14542
14546
14548
14549
14550
14551
14552
14553
14554
14555
14556
14557
14559
14560
14561
14563
14564
14565
14566
14567
14568
14569
14570
14572
14573
14574
14575
14576
14577
14578
14579
14580
14581
14582
14583
14584
14585
14586
14587
14588
14589
14590
14591
14592
14595
14596
14597
14598
14599
14600
14601
14602
14603
14604
14605
14606
14607
14608
14609
14610
14611
14612
14613
14614
14615
14616
14617
14618
14619
14620
14621
14622
14623
14624
14626
14627
14628
14629
14630
14631
14632
14633
14634
14635
14636
14637
14638
14639
14640
14641
14642
14643
14644
14645
14646
14647
14648
14649
14650
14651
14652
14653
14654
14655
14656
14658
14659
14660
14661
14664
14665
14666
14670
14671
14672
14673
14674
14675
14676
14677
14679
14680
14681
14682
14683
14684
14685
14686
14687
14688
14689
14690
14691
14692
14693
14694
14695
14697
14698
14700
14701
14702
14703
14704
14705
14706
14709
14710
14711
14712
14713
14715
14716
14717
14718
14719
14720
14721
14722
14723
14724
14725
14726
14727
14728
14729
14730
14731
14732
14733
14734
14735
14736
14737
14738
14739
14740
14741
14744
14745
14746
14748
14749
14750
14751
14752
14753
14754
14755
14756
14757
14758
14759
14760
14761
14762
14763
14765
14766
14767
14768
14769
14770
14771
14772
14773
14774
14775
14776
14777
14778
14779
14780
14781
14782
14783
14784
14785
14787
14789
14790
14791
14792
14793
14794
14795
14797
14798
14799
14800
14801
14802
14803
14804
14805
14806
14807
14808
14809
14810
14811
14812
14813
14814
14815
14816
14817
14818
14819
14820
14821
14822
14823
14825
14826
14827
14828
14829
14830
14831
14832
14837
14880
14887
14888
14889
14891
14893
14900
14907
14912
14927
14928
14931
14946
14947
14948
14949
14955
14959
14967
14970
14972
14975
14977
14980
14989
14994
14995
14996
14997
150001
150003
150004
150005
150007
150008
150009
150010
150011
150012
150013
150014
150015
150016
150017
150018
150019
150020
150021
150022
150023
150024
150025
150026
150027
150028
150029
150030
150031
150032
150033
150034
150035
150036
150037
150038
150039
150040
150041
150042
150043
150044
150045
150047
150049
150050
150051
150052
150053
150054
150055
150056
150057
150059
150060
150061
150062
150063
150064
150065
150066
150067
150068
150069
150070
150071
150072
150073
150074
150075
150076
150077
150078
150079
150080
150081
150082
150083
150084
150085
150086
150087
150088
150089
150090
150091
150092
150093
150094
150095
150096
150097
150098
150099
150100
150101
150102
150103
150104
150106
150107
150108
150109
150110
150111
150112
150113
150114
150115
150116
150117
150118
150119
150120
150121
150122
150123
150125
150126
150127
150131
150132
150133
150134
150135
150136
150137
150138
150139
150140
150141
150142
150143
150145
150146
150147
150148
150149
150150
150152
150153
150154
150155
150156
150157
150158
150159
150160
150161
150162
150163
150164
150165
150166
150167
150168
150169
150170
150171
150172
150173
150174
150176
150177
150180
150181
150182
150183
150184
150185
150186
150187
150189
150190
150192
150193
150194
150195
150196
150199
150201
150202
150203
150204
150207
150208
150209
150210
150211
150213
150214
150215
150216
150217
150218
150219
150222
150223
150224
150225
150226
150227
150228
150230
150231
150232
150233
150234
150235
150236
150237
150238
150239
150240
150241
150242
150244
150245
150246
150247
150248
150249
150250
150251
150252
150253
150254
150255
150256
150257
150258
150259
150260
150261
150262
150263
150264
150265
150266
150267
150268
150269
150270
150271
150272
150273
150274
150275
150276
150277
150278
150279
150280
150282
150283
150284
150285
150286
150287
150288
150289
150290
150291
150292
150293
150294
150295
150296
150297
150299
150300
150301
150302
150303
150304
150305
150306
150307
150308
150309
150310
150311
150312
150313
150314
150315
150316
150317
150318
150319
150320
150321
150322
150323
150324
150325
150326
150327
150328
150329
150330
150331
150332
150335
150336
150337
150340
150341
150342
150343
150344
150345
150346
150347
150348
150349
150350
150351
150352
150353
150354
150355
150356
150357
150358
150359
150360
150361
150362
150363
150364
150365
150366
150367
150368
150369
150370
150371
150375
150376
150377
150378
150379
150380
150381
150382
150383
150384
150385
150386
150387
150388
150389
150391
150392
150393
150394
150395
150396
150397
150398
150399
150400
150401
150404
150405
150406
150408
150409
150410
150411
150412
150413
150414
150415
150416
150417
150418
150419
150420
150421
150423
150424
150425
150426
150428
150429
150430
150431
150432
150433
150434
150436
150437
150438
150439
150442
150443
150444
150445
150446
150447
150448
150449
150450
150451
150454
150455
150456
150457
150458
150459
150460
150461
150462
150463
150464
150465
150466
150467
150468
150469
150470
150471
150472
150473
150474
150475
150476
150477
150478
150480
150481
150482
150483
150484
150485
150486
150487
150488
150489
150490
150492
150493
150495
150496
150497
150498
150499
150500
150501
150502
150503
150504
150505
150506
150507
150508
150509
150510
150511
150512
150513
150514
150515
150516
150517
150518
150519
150521
150522
150523
150524
150525
150526
150527
150529
150530
150531
150532
150533
150534
150535
150536
150538
150539
150540
150542
150543
150544
150545
150546
150548
150549
150550
150551
150552
150553
150554
150555
150556
150557
150558
150559
150560
150561
150562
150563
150564
150565
150566
150567
150570
150571
150572
150573
150574
150575
150576
150578
150580
150581
150582
150583
150584
150586
150587
150589
150590
150591
150592
150593
150594
150595
150596
150597
150598
150599
150600
150601
150602
150603
150604
150605
150606
150607
150608
150609
150610
150611
150612
150614
150615
150616
150617
150618
150619
150620
150621
150622
150623
150625
150626
150627
150628
150629
150630
150632
150633
150634
150635
150637
150638
150639
150640
150641
150642
150643
150644
150645
150646
150647
150648
150649
150650
150651
150652
150653
150654
150655
150656
150657
150658
150659
150660
150661
150662
150663
150664
150665
150666
150667
150668
150669
150670
150671
150672
150673
150674
150675
150676
150677
150678
150679
150680
150681
150682
150683
150684
150686
150687
150688
150689
150690
150691
150692
150693
150696
150697
150698
150699
150700
150701
150702
150703
150704
150705
150706
150708
150709
150710
150711
150712
150713
150714
150715
150716
150717
150718
150719
150720
150721
150722
150723
150724
150725
150726
150727
150728
150729
150730
150731
150732
150733
150734
150735
150736
150737
150738
150739
150740
150741
150742
150743
150744
150745
150747
150748
150749
150750
150751
150753
150754
150755
150757
150758
150759
150760
150761
150762
150763
150764
150765
150766
150767
150768
150769
150770
150771
150772
150773
150775
150776
150777
150780
150781
150782
150783
150784
150785
150786
150787
150788
150789
150790
150791
150792
150793
150794
150795
150796
150798
150799
150800
150801
150802
150803
150804
150805
150806
150807
150808
150809
150810
150811
150812
150813
150814
150815
150816
150817
150818
150819
150820
150821
150822
150823
150824
150825
150826
150827
150828
150829
150830
150831
150832
150833
150834
150835
150836
150837
150838
150839
150840
150841
150842
150843
150844
150845
151001
151002
15100264
151004
151005
151006
151008
151009
151010
15101002
15101003
15101004
15101005
15101006
15101007
15101011
15101013
15101015
15101018
15101019
15101020
15101021
15101022
15101023
15101025
15101028
15101030
15101032
15101033
15101035
15101036
15101037
15101039
15101042
15101043
15101044
15101047
15101048
15101049
15101050
15101052
15101053
15101054
15101057
15101059
15101060
15101062
15101063
15101064
15101065
151011
151012
15101261
15101262
15101263
15101266
15101267
15101268
15101269
15101270
15101271
15101272
15101274
15101275
151013
151014
151015
151016
151017
151018
151020
15102001
15102010
15102012
15102013
15102014
15102017
15102020
15102022
15102026
15102027
151021
151022
15102261
15102265
15102266
15102267
15102269
151023
151024
15102401
151025
151026
151027
151029
151030
15103002
15103004
15103005
15103006
15103008
15103009
15103010
15103012
15103013
15103014
15103015
15103018
15103020
15103021
15103022
15103023
15103024
15103025
15103028
15103029
15103030
15103033
15103034
15103035
15103036
15103037
15103039
15103041
15103043
15103044
15103046
15103047
15103048
151031
151032
15103261
15103262
15103264
15103265
15103266
15103267
15103268
15103269
15103270
15103274
15103275
15103276
15103277
151034
15103404
15103405
15103406
15103407
151035
151036
151037
151038
151039
151040
15104001
15104002
15104004
15104006
15104008
15104010
15104011
15104013
15104017
15104018
15104020
15104021
15104024
15104026
15104028
15104030
15104032
15104036
15104037
15104039
15104042
15104043
15104046
15104047
15104049
15104050
15104052
15104053
15104055
15104056
15104059
15104060
15104061
15104063
15104064
15104065
15104066
15104067
15104069
15104070
15104072
15104075
15104076
151042
15104261
15104262
15104263
15104264
15104265
15104266
15104267
15104268
15104269
15104270
15104274
15104275
15104276
15104277
15104279
15104280
151044
15104401
15104402
15104403
15104404
15104405
15104407
15104409
15104410
15104412
15104413
15104414
15104416
15104417
151045
151046
151047
151049
151050
15105007
15105008
15105011
15105012
15105015
15105017
15105018
15105026
15105027
15105029
15105030
15105031
15105035
15105036
15105044
15105046
15105048
15105049
15105051
15105054
15105055
15105057
15105062
15105063
15105066
15105068
15105069
15105070
15105086
15105088
15105261
15105262
15105263
15105264
15105265
15105266
15105267
15105268
15105269
15105270
15105271
15105272
15105273
15105274
15105277
15105278
15105280
15105281
151054
15105401
15105402
15105404
15105405
15105406
15105407
15105408
15105410
15105411
15105412
15105414
15105415
15105417
15105420
151055
151058
151059
151060
15106001
15106003
15106004
15106005
15106008
15106009
15106011
15106012
15106013
151061
15106262
15106263
15106264
15106265
15106266
15106269
151063
151064
151065
151066
151067
151069
151070
151072
15107262
15107263
15107264
15107265
15107267
15107268
15107269
15107270
15107271
15107272
15107275
15107277
15107279
15107280
15107281
15107282
15107283
151073
151075
151076
151078
151079
151080
15108262
15108263
15108264
15108265
151083
151085
151086
151089
151091
151092
15109262
15109263
15109264
15109266
15109267
15109268
15109271
15109273
15109275
151094
15109861
15109862
151099
151100
151101
151102
151105
151106
151108
15111001
15111002
15111003
15111005
15111006
15111008
15111009
15111010
15111011
15111012
15111013
15111014
15111015
15111016
15111018
15111019
15111021
15111022
15111024
15111026
15111027
15111028
15111029
15111030
15111031
15111032
15111033
15111035
15111037
15111038
15111040
15111041
15111043
15111044
15111045
15111046
15111047
151111
151112
15111261
15111262
151113
151116
151120
15112001
15112002
15112003
15112004
15112005
15112006
15112007
15112008
15112010
15112011
15112012
15112013
15112014
15112015
15112017
15112018
15112019
15112021
15112022
151121
151122
15112262
15112265
15112266
151123
151124
151125
151128
151129
151130
151131
151132
151133
151134
151135
151136
151137
151139
151140
15114001
15114002
15114004
15114005
15114006
15114009
15114010
15114011
15114012
15114013
15114014
15114016
15114019
15114021
15114022
151142
15114261
15114263
15114265
151143
151144
151146
151147
151148
151149
151150
15115001
15115003
151151
151152
15115262
15115263
151153
151154
151155
151157
151158
151159
151160
15116003
15116004
15116005
15116007
15116009
151161
151162
151163
151164
15116401
15116402
151166
151168
151170
15117003
15117005
15117007
15117009
15117012
15117014
15117019
15117021
151171
15117402
15118001
15118003
15118010
15118261
15118262
15118269
15118274
15118276
15118279
15119002
15119004
15119007
15119008
15119010
15119011
15119013
15119015
15119016
15119017
15119018
15119019
15119261
15119265
15119267
15119269
15123002
15123004
15123007
15123010
15123011
15123012
15123261
15123263
15123264
15123265
15123266
15125002
15125003
15125006
15125008
15125009
15125010
15125013
15125014
15125016
15125017
15125018
15125019
15125020
15125021
15125022
15125024
15125026
15125028
15125031
15125033
15125034
15125038
15125039
15125041
15125043
15200263
15200266
15200268
15200269
15200271
15201261
15201262
15201263
15201264
15201265
15201266
15202261
15202262
15202263
15202264
15202401
15202402
15203262
15203263
15203264
15203265
15203401
15203402
15204261
15204262
15204263
15204265
15204266
15204267
15204268
15204269
15204272
15204273
15204274
15204275
15204401
15204402
15204403
15204404
15204405
15204406
15204408
15204409
15204410
15205001
15205002
15205003
15205004
15205005
15205006
15205007
15205261
15205262
15205263
15205264
15205265
15205266
15205267
15205269
15205270
15205272
15205273
15205274
15205401
15205402
15205404
15205405
15205406
15205408
15205409
15205410
15205411
15205412
15205413
15206262
15206263
15206266
15206267
15206268
15207264
15207267
15207268
15207269
15207271
15207276
15207278
15208261
15208262
15208264
15208265
15209261
15209262
15209861
15211261
15211262
15211263
15211264
15211265
15211266
15211267
15214261
15214262
15214263
15215262
15218262
15218265
15218266
15219263
15223261
15400261
15407261
15407262
15407264
15407265
15501261
15501262
15501263
15511261
15511262
15511263
15511264
15511265
15511266
160002
160003
160004
160005
160006
160008
160009
160010
160011
160012
160013
160014
160015
160016
160017
160018
160019
160020
160021
160022
160023
160024
160025
160026
160027
160028
160029
160030
160031
160032
160033
160034
160035
160036
160037
160038
160039
160040
160041
160042
160043
160045
160046
160047
160048
160049
160050
160051
160052
160053
160054
160055
160056
160057
160058
160059
160060
160061
160063
160064
160065
160067
160068
160069
160070
160071
160072
160073
160074
160075
160076
160077
160079
160080
160081
160082
160083
160084
160085
160086
160087
160088
160089
160090
160091
160092
160093
160094
160095
160096
160097
160098
160099
160100
160101
160102
160103
160104
160105
160106
160107
160108
160109
160110
160111
160112
160113
160114
160115
160116
160117
160118
160119
160120
160121
160122
160123
160124
160125
160127
160128
160129
160130
160131
160132
160133
160134
160135
160136
160137
160138
160139
160140
160141
160142
160145
160146
160147
160148
160149
160150
160151
160152
160153
160154
160155
160156
160157
160158
160159
160160
160161
160162
160163
160164
160165
160166
160167
160168
160169
160170
160172
160173
160174
160175
160176
160177
160178
160179
160180
160181
160182
160183
160185
160186
160187
160188
160189
160190
160191
160192
160193
160194
160195
160196
160197
160199
160200
160201
160202
160203
160204
160205
160206
160207
160208
160209
160210
160211
160212
160213
160214
160215
160216
160217
160218
160219
160220
160221
160222
160223
160224
160225
160226
160227
160228
160229
160230
160231
160232
160233
160234
160235
160237
160238
160239
160240
160241
160242
160243
160244
160245
160247
160248
160249
160251
160252
160253
160254
160255
160256
160257
160258
160260
160261
160262
160263
160264
160265
160266
160267
160268
160269
160270
160271
160272
160273
160274
160275
160276
160277
160278
160279
160280
160281
160282
160283
160284
160285
160286
160287
160288
160289
160290
160291
160292
160293
160294
160295
160296
160297
160298
160299
160300
160301
160303
160304
160305
160306
160307
160308
160309
160310
160312
160313
160314
160315
160316
160317
160319
160320
160321
160322
160323
160324
160325
160326
160327
160328
160329
160330
160331
160332
160333
160334
160335
160337
160338
160339
160340
160341
160342
160344
160345
160346
160347
160348
160349
160350
160351
160352
160353
160354
160355
160356
160357
160358
160359
160360
160361
160362
160363
160364
160365
160366
160367
160368
160369
160370
160371
160374
160375
160376
160377
160378
160379
160380
160381
160382
160384
160387
160388
160389
160390
160391
160392
160393
160394
160395
160396
160397
160398
160399
160400
160401
160402
160403
160404
160405
160406
160407
160408
160409
160410
160411
160412
160413
160414
160417
160418
160419
160420
160421
160422
160423
160424
160425
160427
160428
160429
160430
160432
160433
160435
160436
160437
160438
160439
160440
160442
160443
160444
160445
160446
160447
160448
160449
160450
160451
160452
160453
160454
160455
160456
160457
160458
160459
160460
160461
160464
160465
160466
160467
160468
160469
160470
160471
160472
160473
160474
160475
160476
160477
160478
160479
160480
160481
160482
160483
160484
160485
160486
160487
160488
160489
160493
160494
160495
160496
160497
160498
160499
160500
160501
160502
160503
160504
160505
160506
160507
160508
160509
160510
160511
160512
160513
160514
160515
160516
160517
160519
160520
160521
160522
160523
160524
160525
160526
160527
160528
160529
160530
160531
160532
160533
160534
160535
160536
160537
160538
160539
160540
160541
160542
160543
160544
160545
160546
160547
160548
160549
160550
160551
160552
160553
160554
160555
160556
160557
160558
160559
160560
160561
160562
160563
160564
160565
160566
160567
160568
160569
160570
160571
160572
160573
160574
160575
160576
160578
160579
160580
160581
160582
160583
160584
160585
160586
160587
160588
160589
160590
160591
160592
160593
160594
160595
160596
160597
160598
160599
160600
160601
160602
160603
160604
160605
160606
160607
160608
160609
160610
160611
160613
160614
160615
160616
160617
160618
160619
160620
160621
160622
160623
160624
160625
160626
160627
160628
160629
160630
160631
160632
160633
160634
160635
160636
160637
160638
160639
160640
160641
160642
160643
160644
160645
160646
160647
160648
160649
160650
160652
160653
160654
160655
160656
160658
160659
160660
160661
160664
160665
160668
160669
160670
160671
160672
160673
160674
160675
160676
160678
160679
160680
160681
160682
160683
160684
160685
160686
160687
160688
160689
160690
160692
160693
160694
160695
160696
160698
160699
160700
160702
160703
160705
160706
160707
160708
160709
160710
160711
160712
160713
160714
160715
160716
160717
160718
160719
160720
160721
160722
160723
160724
160725
160726
160727
160728
160729
160730
160731
160732
160733
160734
160735
160736
160737
160738
160739
160740
160741
160742
160743
160744
160745
160746
160747
160748
160749
160750
160751
160752
160753
160754
160755
160756
160757
160758
160759
160760
160761
160762
160763
160764
160765
160766
160767
160768
160769
160770
160772
160773
160774
160775
160776
160778
160779
160781
160782
160783
160784
160785
160786
160787
160788
160789
160790
160791
160792
160793
160794
160795
160796
160797
160798
160799
160800
160801
160802
160803
160804
160805
160806
160807
160808
160809
160810
160811
160812
160813
160814
160815
160816
160817
160818
160819
160820
160821
160822
160823
160824
160825
160826
160827
160828
160829
160830
160831
160832
161001
16100262
16100263
16100264
16100267
16100269
16100271
16100274
161004
161006
161007
161010
16101001
16101002
16101003
16101005
16101006
16101008
16101009
16101012
16101013
16101014
16101015
16101017
16101018
16101019
16101020
16101022
16101023
16101024
16101025
16101026
16101029
16101031
16101032
16101033
16101034
16101035
16101036
16101037
16101041
16101042
16101043
16101046
16101048
16101052
16101053
16101054
16101056
16101057
16101059
16101061
16101063
16101064
16101065
161011
161012
16101261
16101262
16101263
16101264
16101265
16101266
16101267
16101268
16101270
16101271
16101272
16101273
16101274
16101275
161013
161014
161017
161018
161020
16102001
16102002
16102004
16102005
16102006
16102007
16102008
16102009
16102010
16102011
16102012
16102013
16102014
16102015
16102016
16102017
16102020
16102022
16102023
16102024
16102025
16102028
16102029
16102030
161022
16102262
16102263
16102264
16102268
16102271
16102272
16102273
16102274
16102275
16102276
16102277
16102279
16102281
16102283
16102284
16102285
161023
161024
16102401
16102403
161025
161027
161028
161029
161030
16103001
16103002
16103003
16103004
16103005
16103006
16103011
16103012
16103015
16103018
16103019
16103020
16103022
16103025
16103027
16103028
16103030
16103032
16103035
16103036
16103039
16103040
16103041
16103045
16103046
16103050
16103051
16103052
16103053
16103055
16103056
16103059
16103061
16103064
16103065
16103066
16103069
16103070
16103071
16103072
16103073
16103076
16103078
16103079
16103080
16103088
16103089
16103090
16103093
16103095
16103097
16103098
161032
16103261
16103262
16103264
16103268
16103269
16103270
16103271
16103272
16103275
16103276
16103277
16103278
16103279
16103280
16103281
16103282
16103283
161033
161034
16103401
16103403
16103404
16103406
16103407
161035
161036
161037
161038
161039
161040
16104001
16104002
16104003
16104004
16104006
16104007
16104008
16104009
16104010
16104013
16104014
16104015
16104016
16104017
16104019
16104020
16104022
16104024
16104025
16104026
16104028
16104029
16104032
16104033
16104034
16104035
16104036
16104042
16104044
16104045
16104047
16104048
16104049
16104055
16104056
16104058
16104063
16104064
16104065
16104069
16104071
16104072
16104073
16104075
16104076
16104077
16104079
16104080
16104083
16104084
16104086
16104088
16104090
16104095
16104096
16104099
161041
16104100
16104101
16104102
16104104
16104105
16104106
161042
16104261
16104263
16104264
16104266
16104267
16104268
16104270
16104271
16104272
16104273
16104274
16104275
16104276
16104278
16104279
16104280
16104284
16104288
161044
16104401
16104402
16104403
16104405
16104406
16104407
16104412
16104413
16104414
161045
161047
161048
161049
161050
16105001
16105003
16105004
16105005
16105006
16105013
16105014
16105015
16105017
16105018
16105020
16105021
16105022
16105023
16105024
16105025
16105026
16105029
16105032
16105033
16105034
16105036
16105039
16105040
16105042
16105044
16105045
16105048
16105049
16105050
16105052
16105053
16105054
16105056
16105058
16105062
16105066
16105067
16105068
16105071
16105072
16105073
16105074
16105077
16105078
16105083
16105084
16105085
16105086
16105087
16105088
16105090
16105094
16105096
16105097
16105099
16105101
16105102
16105106
16105107
16105108
16105109
16105111
16105112
16105113
16105114
16105115
16105117
16105118
16105261
16105262
16105263
16105265
16105266
16105267
16105268
16105269
16105270
16105271
16105273
16105274
16105275
16105277
16105279
16105280
161053
16105402
16105403
16105405
16105407
16105408
16105410
16105411
16105412
16105413
16105415
16105417
16105419
16105420
16105423
16105424
16105425
16105426
161055
161056
161060
16106001
16106002
16106003
16106004
16106005
16106006
16106007
16106009
16106010
16106011
16106012
16106013
16106014
16106018
16106019
16106021
16106022
16106024
16106026
16106027
16106030
16106031
16106032
16106033
16106034
16106036
161062
16106263
16106265
16106266
16106269
16106270
16106272
16106274
161063
161066
161067
161068
161069
161070
161071
161072
16107263
16107264
16107270
16107271
16107272
16107277
16107278
16107280
16107285
16107286
16107288
16107290
16107292
16107294
161074
161075
161076
161077
161078
161079
161080
161081
161082
16108261
16108265
16108268
161085
161086
161087
161088
161090
161091
161092
16109262
16109264
16109265
16109267
16109268
16109270
16109271
16109274
16109276
16109277
16109278
16109279
16109280
16109282
16109283
16109285
16109286
161094
161096
16109864
161099
161102
161103
161104
161105
161107
161109
161110
16111001
16111002
16111004
16111005
16111006
16111007
16111008
16111009
16111010
16111011
16111012
16111013
16111014
16111016
16111017
16111018
16111019
16111020
16111022
16111023
16111025
16111028
16111029
16111031
16111032
16111033
16111034
16111035
16111036
16111037
16111040
16111042
16111043
16111044
16111045
16111047
16111048
16111049
16111050
16111052
16111054
16111055
16111056
161111
161112
16111262
16111263
16111264
16111266
16111267
16111402
16111404
16111406
161115
161117
161118
161119
161120
16112001
16112002
16112005
16112006
16112007
16112008
16112011
161121
161122
16112261
16112262
161124
161125
161127
161128
161129
161130
161131
161132
161133
161134
161136
161137
161138
161139
16114001
16114002
16114003
16114004
16114005
16114006
16114007
16114008
16114009
16114010
16114014
16114015
16114016
16114017
16114022
16114023
16114024
16114025
161141
161142
16114262
16114263
16114264
16114265
16114266
16114267
16114268
161144
161145
161147
161148
161149
161150
16115001
16115005
16115007
16115008
16115011
16115012
16115013
161152
16115263
16115264
161153
161154
161155
161156
161157
161158
161159
161160
16116001
16116004
16116006
16116007
16116008
161161
161163
161164
16116401
161165
161166
161168
161169
161170
161171
161174
161175
16118001
16118002
16118004
16118006
16118008
16118009
16118263
16118265
16118266
16118267
16118270
16119001
16119003
16119004
16119005
16119007
16119008
16119009
16119010
16119011
16119012
16119013
16119015
16119016
16119261
16119262
16119263
16119264
16123001
16123002
16123003
16123004
16123005
16123006
16123007
16123008
16123009
16123010
16123011
16123013
16123016
16123018
16123261
16123262
16123263
16123264
16123265
16123267
16125003
16125004
16125005
16125007
16125009
16125010
16125014
16125015
16125016
16125017
16125019
16125020
16125023
16125028
16125029
16125030
16125031
16125032
16125033
16125035
16125037
16125039
16125042
16125043
16125045
16125046
16125049
16125051
16126001
16126002
16126003
16126005
16126006
16126007
16126008
16126009
16126010
16126012
16126013
16126014
16126015
16126016
16126017
16126018
16126019
16126020
16126021
16126023
16126024
16126025
16126027
16126028
16126029
16126030
16126031
16126033
16126034
16126036
16126037
16126038
16126039
16126040
9420661
95265
9610171
97136
9810174
9810571
9810772
9921263
99362
99366
EXY1101
EXY1216
EXY1314
EXY1315
EXY1318
EXY1319
EXY1324
EXY1325
EXY1330
EXY1331
EXY1332
EXY1401
EXY1404
EXY1407
EXY1410
EXY1411
EXY1413
EXY1414
EXY1416
EXY1417
EXY1418
EXY1419
EXY1421
EXY1423
EXY1425
EXY1426
EXY1428
EXY1503
EXY1504
EXY1506
EXY1507
EXY1508
EXY1509
EXY1510
EXY1511
EXY1512
EXY1515
EXY1516
EXY1517
EXY1519
EXY1520
EXY1528
EXY1529
EXY1605
EXY1606
EXY1608
EXY1610
EXY1612
EXY1614
EXY1616
IMT16012
INT14005
INT14006
INT14010
INT15001
INT15002
INT15003
INT15004
INT15005
INT15006
INT15007
INT15008
INT15009
INT15010
INT15011
INT15012
INT16001
INT16002
INT16004
INT16005
INT16007
INT16008
INT16009
INT16011
INT16012
INT16017
J1201
J1202
J1203
K1201
K1202
K1203
K1204
0023
0047
0086
010965
0196
0265
0299
0308
0317
0370
1073
110312
110321
110327
110339
110364
110436
110865
111462
1120
120961
121361
1239
1355
1370
1396
2099
2100
210110
210112
210113
210115
210120
210207
210227
210302
210336
210339
210367
210368
210369
210371
210423
210428
210431
210463
210466
210502
210505
210510
210511
210537
210541
210546
210551
210609
210621
210623
210626
210627
210630
210764
210862
210961
211164
211464
2115
211601
211609
211702
211714
211801
2120
2173
2181
2195
220166
220167
220168
220266
220361
220364
220461
220604
220611
220665
2208
220867
221461
2253
2287
2306
2309
3060
3090
3101062
3101064
3101066
3102028
3102032
3102063
3103025
3103039
3104010
3104017
3104052
3104070
3104097
3104105
3104118
3104119
3104122
3104125
3105009
3105013
3105017
3105036
3105038
3105045
3106009
3106010
3106022
3106061
3106064
3107088
3108074
3112061
3114061
3117002
3117006
3167064
3167090
3174
3177312
3200061
3200062
3203062
3204064
3206003
3206007
3206013
3206016
3206028
3206030
3207065
3212003
3212007
3260
3264
3273
3296
3304
3351
3352
3372
3537
3547
4101018
4102012
4102028
4103025
4103046
4103071
4104003
4104012
4104027
4104077
4104105
4105002
4105003
4105008
4105027
4105062
4105065
4106016
4106019
4106064
4106068
4107080
4108067
4108069
4108071
4108073
4111006
4112006
4116005
4118061
4177336
4177472
4186
4187451
4206014
4207069
4207074
4212005
4215
4224
4251
4294
4427
4455
4463
4464
4478
4481
4501
4760
4785
5018
5061
5100061
5101014
5101024
5101062
5101063
5101064
5102009
5102030
5102064
5102068
5102069
5102070
5103007
5103021
5104076
5105023
5105098
5106009
5106014
5106020
5108061
5115
5116
5118068
5125004
5125005
5125013
5134
5168
5175
5200063
5204062
5205067
5206014
5207072
5214064
5234
5252
5286
5373
5404
5438
5462
5492
5519
5758
5827250
5827478
6042
6066
6100066
6100068
6101026
6102066
6103018
6103027
6103038
6103040
6105091
6106005
6106014
6111036
6111046
6112062
6116002
6132
6134
6138
6202001
6202061
6203061
6206006
6206064
6208062
6211062
6218
6271
6280
6286
6290
6324
6350
6427
6431
6453
6490
6493
6604
6606
6651
6755
6760
6761
6777
6927449
6927474
7015
7023
7027134
7035
7085
7102003
7102032
7102064
7104091
7104092
7104093
7104095
7105065
7105070
7106015
7107086
7108064
7109065
7109876
7114061
7118015
7118498
7133
7157
7201061
7201065
7202065
7202067
7204064
7206002
7211061
7211065
7212001
7212063
7214002
7214061
7218064
7218067
7218069
7226
7252
7345
7346
7408
7421
7422
7483
7660
7664
7758
7759
7765
7771
7776
8014
8020
8048
8073
8101
8101061
8102062
8103018
8104010
8104022
8104026
8104032
8105033
8105069
8105082
8105088
8105090
8106009
8106010
8107061
8107094
8107096
8108071
8108072
8109062
8115061
8117001
8117005
8118067
8122
8127011
8127095
8127285
8127294
8127396
8127429
8127564
8127572
8132
8165
8181
8201
8205064
8207072
8209064
8209070
8209869
8211061
8211064
8224
8271
8279
8307
8317093
8331
8356
8389
8400
8411061
8433
8503061
8534
8539
8549
8553
8584
8586
8665
8752
8764
8780
9011
9030
9033
9043
9050
9060
9100061
9101009
9101064
9101066
9101069
9102017
9102066
9103019
9103042
9103062
9103073
9103075
9104007
9104016
9104023
9104024
9104027
9104092
9104094
9104102
9105
9105005
9105010
9105028
9105059
9105062
9105085
9105108
9105109
9106016
9106063
9106064
9106065
9106066
9106067
9107061
9107062
9107068
9107070
9107084
9108062
9109063
9109068
9109071
9109078
9109079
9111004
9111014
9111040
9111063
9112008
9112061
9112064
9115002
9115010
9115013
9116003
9118064
9118068
9168
9184
9201062
9204061
9204062
9204063
9204066
9204069
9204072
9204075
9204076
9206062
9206063
9207065
9207072
9207075
9207076
9211063
9215
9218061
9218066
9218069
9218070
9219
9227002
9227040
9227046
9227075
9227087
9227245
9227272
9227289
9227305
9227375
9227497
9227511
9227546
9227547
9227660
9230
9240
9260
9276
9280
9287
9317135
9317197
9317518
9327
9329215
9355
9406
9418118
9425
9438
9446
9467
9478
9494
9497
9526
9531
9556
9576
9604
9625
9630
9653
9659
9667
9913
9963
9970
9984
